888596634040492032
888592438066991104
888590671547949056
888590057833201664
888569581987561474
888568945460092929
888565418515873792
888565165704204288
888564541520588800
888555720861417476
888549389974859778
888549252871462913
888549218595594241
888548020983218176
888541669225893888
888541137501274112
888536591421067267
888521512302411777
888521306580189184
888520058963546113
888519099269038081
888516371910471681
888511481079144450
888510080806559744
888509189848317952
888509072240033792
888508914269995008
888507660441726976
888506158293540865
888504383851429888
888504360417800193
888496399289077762
888491885504974848
888490869828890625
888486236645728256
888485533416030210
888484012171431936
888483829291204612
888483741387108355
888481700451278848
888479256082173954
888479249744658432
888478115751657472
888477456155504640
888476762874798082
888476756503670784
888473952133185536
888473522611388416
888471302092214272
888471284841152515
888471104385413120
888470119638347777
888469702925729793
888469138552877058
888467430976126977
888464867908308992
888463629695287296
888462409962278913
888462330304090117
888461707596582912
888460326907379714
888459852389003266
888459024122904577
888457306752593922
888457062505603076
888454760357126144
888454024034263040
888453792194342914
888452285793275904
888451809144168452
888450870815469568
888445995465543680
888443901085929474
888443202927075329
888442090899861504
888440499551514628
888436969461690370
888434795176394752
888433803269746688
888433643860971520
888433445998874625
888433402118107136
888432809001361408
888432598921363457
888432343274344448
888432163263324161
888431626497261568
888431551192682496
888431471874236416
888431342911864834
888430857689714688
888430270734520321
888428935255609345
888427754546278401
888426393679388674
888425877268299776
888425015766654976
888424994434420736
888423827578990592
888423809161842691
888422677521645570
888422598123544576
888421639930753024
888421541284917249
888420513923706880
888419145674629124
888417923374743552
888417854424576000
888417275644186625
888416023782633473
888413813028081664
888413612653588480
888413004966047744
888411467934048257
888410268937711616
888408283362545664
888407961391030272
888407926045634560
888406990782943232
888404753469845505
888403282896404481
888400288448749569
888399420152217600
888398431600783360
888396993466425344
888396923820019712
888395337316134912
888391524895141889
888387832829661184
888380289298419713
888371924258213889
888371354747117568
888367939426144261
888367119733321729
888362010097967104
888360955767394304
888360064297439232
888355624114900993
888338783770423298
888319057744842752
888311886902591488
888306725044006912
888305013478440960
888298959717793792
888292616273514496
888292473461628928
888290993316913153
888286899495878656
888283215168851969
888278004777889792
888276811787886593
888272081216917504
888265430405533696
888263098875879424
888257444282892290
888256871936663552
888255859188420608
888250866859298818
888242197371510784
888240044133289985
888235032799830016
888229524000952320
888227568565895169
888220956342222857
888220404535316480
888215535229558785
888214457645772800
888211409288351745
888209152748564480
888205928721469443
888205121187741696
888204941877100544
888203523321720832
888201563327651841
888201477453365248
888201343609044992
888199597230653440
888199545645150208
888198982480011264
888189292673191936
888188561907892224
888188047048798208
888187146338697217
888183097338081281
888182072485064704
888176270273634308
888174280550338565
888173202698104832
888171078891126785
888170589348929536
888169702270349312
888168207772774401
888168053078450177
888166287347765249
888165144282275841
888165123520475136
888164431657664514
888163717766098944
888163356422664194
888163249186787332
888161961267089408
888161779389415424
888160608843030529
888151407915937792
888150716488876032
888146679400026113
888143289093894145
888143165043113985
888142930506117126
888142128718770179
888132743799988224
888128209006415872
888126178695012352
888125685453078529
888118372612755456
888118018076581890
888113414655983618
888109527911899140
888101729685917702
888099489424080896
888097821810995204
888097332570587136
888096503054700546
888094963115982850
888094097659113473
888086948509831172
888086836366553088
888086704719970304
888084067794780160
888082630524116992
888079129991667712
888079062626914308
888077673733468161
888072255896518656
888071066802892801
888067073603231744
888066727778541568
888064729620504576
888064094657433600
888061333824000001
888060775151026176
888056223513411584
888056023830994944
888054775652130816
888052803314348032
888051879871213569
888051070609522688
888050428352413696
888045822990049281
888045142799777793
888040839729033217
888040740890267648
888036425144434688
888022064216461313
888018622345494528
888018501583208448
888017560624660481
888017154632597504
888015467566301184
888011412953591808
888011086418636800
888010943615074305
888010477896380416
888009638221840384
888006549897170944
888006340605562880
888004170900422657
888001847553929216
887997481556074496
887995819051241472
887994171587411968
887989441133936640
887983802353582081
887983027321700352
887973393361813504
887972224203968512
887971254786981889
887969544639217667
887966089535078400
887965873796993025
887964021672095744
887963394287910912
887963350092529664
887963189110915073
887963123927326720
887962781206446080
887961871143256065
887961141401370624
887961020546727936
887961010165776388
887960595739197440
887960568195416064
887960175964966912
887960068108558336
887959727702892544
887958242244141056
887950465584971776
887949165099012096
887939778456506368
887938795592716288
887929778212175872
887929093769048064
887921957953576962
887921348751745025
887921278681612288
887919786818019328
887919381493063680
887918563352207361
887917994398986242
887917565758119936
887915919212728321
887915022629908481
887911004302184449
887910700953333760
887910696641548289
887906970954481664
887905702890655744
887904811986956290
887894524772491264
887893576541065217
887891278532403200
887890967872675840
887890359820337152
887885426018496515
887871453525417984
887869156405649409
887864838516609024
887864809869291521
887864192035893248
887864143801458688
887859151313006597
887852799144280066
887850749656350720
887844971033874432
887835174691581970
887834162606084097
887833138646228992
887822670204723204
887821947555282945
887820337513148420
887817630601666560
887816981012815872
887812638985539584
887812347359891456
887811549158440961
887810107148337152
887809213551886336
887806201098104832
887803443842170881
887798510896250881
887795070551810048
887794681580539904
887792975492808704
887790236952145922
887789613124898816
887789286921306112
887789149708791808
887789073460539392
887788279608881152
887788273564864513
887788155159678977
887786644987932672
887786414200565763
887784794351742976
887784527967420416
887784501501452288
887784271452286977
887784102908239872
887784019777257473
887783432264327168
887783045092212737
887777968549879808
887777235242844160
887776630780899328
887775963190181888
887774400564649984
887772920960954370
887772384543068162
887772294105493505
887771739157127168
887771681653231617
887771599264522243
887769983349960704
887767397222014977
887766452102713344
887765747182616577
887765527762001920
887764268698959872
887764024347299841
887763360204247042
887762290354913281
887760109711097857
887756139399696385
887753086986571776
887746253324337152
887739484175052811
887737726157639680
887732548977258496
887730948460093440
887727683093790722
887726951531597824
887726048736968704
887724414086725632
887724246084059136
887724206301077505
887723998032867328
887723347961884676
887721354870632451
887721299329433600
887720955749036032
887720462125375488
887718695610351616
887713896303341569
887707658165383169
887703434455126016
887702399405760512
887695520335937537
887693832288165888
887692910807986176
887690375527370753
887690246804172800
887690191686705152
887690082773344256
887686379437797376
887684086868922373
887681663534194688
887680188867239937
887679928715493376
887679425411678213
887679421263392770
887676553878016001
887674682329223168
887673240491102209
887669637940477952
887669269915414528
887668714111422466
887661959407075329
887660136478760961
887658126429835264
887656969988976640
887656016447291394
887645831775563776
887643746728370176
887642533387526144
887641251570487297
887640469383065601
887639605771632641
887628511363694592
887628452723122176
887628444460306432
887623582481821697
887615612192788482
887613921632374784
887611604203962368
887575424112496644
887564600971014144
887564010014494721
887562738159038464
887560152911667201
887559642527805440
887552856919871488
887552853845454848
887552852654206976
887552849135239168
887537369041293312
887534988417273856
887533173487288321
887517761022304256
887513814983487489
887513806238175235
887512195214528513
887511110320103426
887510412593307649
887508875167117312
887508752810872837
887507632520646657
887506494429831168
887499748734717952
887499732226101252
887493475926769664
887492865160609792
887492206201675776
887487174060498944
887475187641405440
887475165587804160
887470514381266945
887468663615496192
887467538166231040
887466063067217921
887463945719603201
887463492143525888
887462265561260032
887460544898322432
887459483726827523
887458956385206272
887455446730235904
887428072122834945
887426705656360962
887418364179730433
887418305329451008
887415664666972161
887415628377710592
887415210826317824
887413447826305028
887406599802822657
887406035547205632
887405315397963782
887403498626789377
887403071504080896
887399685908045825
887399615359746048
887395406358990848
887394716819619841
887392119740149760
887391282842218498
887391195340701698
887391152038719488
887391139535482880
887391127724326914
887390992286060545
887390923629494274
887390891253669892
887390834232107008
887390559974895616
887390484829802496
887390458892210180
887390398301315074
887390078221381632
887390016569307137
887389940010692610
887389796506759168
887389744342159360
887389733629964288
887389442251608064
887389420319645697
887389190488563712
887389184973041665
887388970870603779
887388311005822977
887388147486740480
887388123893813251
887388100636405761
887387992637272066
887387853172428804
887387804124184576
887387624062758912
887386675483209728
887374228676374529
887373900497256451
887370034334584832
887363982469718017
887347414637715456
887341550715502592
887335490927513600
887331631136223232
887326712069062657
887326210774233088
887306931743977472
887299541132865537
887296253327007744
887294266942382080
887290798164901889
887286627332235269
887283211017084929
887234772715552769
887234240009646080
887233662902816768
887233329480835072
887233059971624964
887179382523133954
887143822077067264
887142851515219969
887136207788015620
887135926329245696
887121891835527168
887121453220380672
887115934397341696
887111406109179904
887107553221648385
887106962953052161
887104301730070528
887102139344064517
887100688773267456
887100358941708289
887094327410778112
887087049567858691
887085398555361281
887085304737218560
887082299845521409
887081479288770560
887075441445654531
887068091800268800
887064334018519040
887057938463981569
887056521896636417
887052048956620800
887046366463238147
887042344700321794
887042323829448705
887040729348001792
887038472623730688
887038219665244163
887036911600230401
887034088087007236
887028155810275328
887023515177635841
887023500300435456
887018682420830208
887018674904866816
887000698935799809
886996692528230400
886984132433149953
886981278234443776
886959664054677504
886952021844267009
886949079850164224
886947321963061249
886944968618782720
886944803073773569
886943254473711616
886943003566366720
886940207580237825
886935541106823169
886923065602568192
886922319867916289
886918632520941569
886918590733180928
886917011846172672
886894996087087104
886847475847282688
886846327916642304
886844169175666688
886843889595895808
886841171284307968
886837402173489152
886818697070780416
886813534725718016
886799498135166977
886798028455149568
886788448987758592
886753324149731328
886740019360276482
886737115500785664
886735267662618626
886734410103574528
886734197330554880
886732786786283520
886730595493195777
886724532236505088
886715742862794754
886711033074679808
886710642375368704
886708388687687680
886705090194800640
886704877438717956
886704669883551744
886704542808760320
886703887645892609
886699787634040832
886697507639656448
886693596140785665
886693197304528897
886689570099793921
886687698806689792
886682401954451457
886681960235409408
886681379454435328
886681165574184960
886680946354774016
886680630800506880
886680172161769472
886679667461152768
886679430730465280
886679204707803137
886678971768684544
886678497162280960
886678342505816064
886678072254005248
886677676060098565
886677271506845705
886676992766103556
886675120399540224
886675079697801216
886674864093904898
886674728798138368
886674563198627840
886674419380174848
886673365984870400
886672574628773888
886672116392669184
886671758501203968
886670848010080256
886664606894182400
886657659553886208
886652868626919426
886649276364926976
886643167742885889
886642854524792833
886633935018614784
886631872985534464
886630597078241286
886629141843410945
886629030996443136
886628808819785728
886616693916782592
886607487750819840
886602059805577216
886593790189981696
886592956085538817
886592679471194112
886591534270828546
886591503077961728
886590223240572928
886590124590374914
886589138719342592
886575609194983428
886558569826574336
886558015930892288
886554969083715584
886509558709063680
886500091678277632
886484308550180864
886469895772176384
886451682342608896
886443484588122113
886442671954419713
886441374291120128
886435509492494336
886430583664001024
886430556707094528
886426298993655810
886426033771036673
886423416340975617
886414838251040768
886413177562558468
886401085325189120
886398488732454912
886395193473331200
886394984148197376
886386166567710720
886378620054364160
886376582788591616
886373580124114944
886363326409838592
886362041509961728
886361589397553152
886358058275815424
886348445556125696
886342022688366592
886336412597006337
886331843330441216
886331247919845377
886320449780555776
886318245279657985
886300647318061057
886295654170935296
886295321101381633
886287260764839936
886287091671470082
886283265577029633
886281544100392960
886281400860594176
886278732109033472
886277840487849984
886276109893062662
886268790505435136
886255840235212800
886255186242666500
886241624828727296
886220195769053187
886217330589540352
886210982892126210
886209753591857152
886209171300864000
886209039931146240
886181383303024640
886169314188959744
886166966473551872
886147370307641344
886137189905580032
886104119772979202
886077063756562436
886068121944989696
886067787906654208
886061108519456768
886057843119599623
886053612496969730
886052848525553664
886051595217235969
886051343449903108
886050560109154304
886048924175413248
886047819588567040
886046404321267713
886046158140968961
886046005346443264
886043926725054465
886038204872359936
886036192529072128
886032183915409408
886028060893601792
886027176168095745
886027122149666816
886025608085598208
886023805335949312
886009607109345280
886001467366064128
886001179800461313
886000176363655172
885998449300303873
885998313295798273
885998299056148480
885998286976450560
885994038762946560
885993803169091585
885992900881825792
885991567932129280
885988559924154369
885987657716727808
885985058905096193
885984179476807681
885983407255236608
885982765958782977
885981631391072256
885981367108071425
885980803532042240
885978621768331264
885974092087787520
885973993228046337
885971659626303489
885970498794004480
885969687833694208
885969081593155587
885968314945728512
885964889755328512
885963999371722753
885952240887975938
885950308198653952
885950067290648576
885949207152140288
885948612097789952
885948472582520832
885948453381185537
885948068453076993
885947870381305856
885945002966228992
885944938306740224
885944148326588417
885939751789797376
885938137070829569
885937491479597057
885936737826091008
885932216676749314
885930997140926464
885929868084600833
885928689728442369
885928541312827392
885928379261779969
885927657204051969
885927107121086464
885926945057378307
885912697174413313
885910995155202048
885910868722159617
885908239992442881
885907457628934146
885905999017660417
885905577930391552
885902721898893312
885902703389360128
885901711306510336
885901632977870849
885901352806645761
885901253426860032
885899410630201348
885897039573372928
885896666271952897
885893055429189634
885892999741419521
885891099075674112
885887694257225728
885886658566074368
885885673361854466
885883597810434049
885882401020313600
885881260337487872
885881231002480642
885881146252423168
885881040631476224
885881026546892801
885880775043952641
885869614189727746
885868883969798144
885863827665022976
885863237228613632
885862581826719744
885862054141341696
885860999688998913
885859110763339777
885859090265759746
885857263537319942
885856826536988674
885856788939247617
885855742472863744
885855454710124544
885855292583546881
885855230822416384
885855171858882561
885854641661116417
885853718155067393
885852284252540928
885848723712081920
885838183551737856
885836504483983361
885833183144443907
885822839563067393
885822681097969664
885813588035854337
885812982596456448
885768251795492864
885756548542345217
885749975040221185
885745768522539008
885744051089178624
885722557395095552
885708167396466688
885699974217908224
885698047958822912
885696951345401861
885696597853691904
885691890586091520
885691392680312832
885684318147891200
885676347556864000
885667259661864960
885665979451179009
885660533646516225
885658429599121411
885641071463731201
885638525009276928
885635430934237186
885623391582953472
885614699148001280
885609864608833536
885603949398695936
885603308601323521
885603019630538755
885602745008488449
885601136136335362
885600833227726848
885598609626075139
885597559867224065
885597469094162433
885597396184465410
885593652239765505
885593255815127040
885592943851163649
885592624828174340
885592501981204480
885590909856997376
885586381350752257
885584617025175559
885583642063495168
885583368515067904
885583219202117632
885580744822853636
885578453273194496
885574459209404416
885574085421543425
885573955616202753
885551429485604864
885551263806631936
885544620012314625
885539413215916032
885536477190508549
885535711587434497
885524146024718336
885523572634112000
885521643921125376
885518703420481536
885518292051517442
885516415280726017
885516355197390850
885516266412404736
885514867863502848
885501363223908352
885497040582594561
885495135139643393
885493053108232192
885491026806292481
885486255143878656
885484115520364544
885482651246874624
885473487615389698
885447001961242628
885441353899008001
885438857977528320
885430515419009024
885421812783435776
885404724446605312
885387902682894336
885370655557926913
885368704434937856
885363624390279168
885358590738931712
885345928391131137
885341885417574401
885337089000255488
885332344726593536
885329910788751361
885327877562150912
885326973588975616
885319438907658245
885318434044686336
885317896817131521
885317646840942595
885316545693569024
885316404714647552
885316109162905600
885315015254790145
885313992280899586
885313481603518464
885303144326082560
885303087841374208
885302831170953217
885301208738648065
885299368097665026
885299114283601920
885298616566505473
885298545028460544
885297288939229185
885296720850018304
885295576824381441
885292550017343488
885289028916039680
885288940760178688
885288932740648961
885287163256025088
885284602763386880
885281982577598464
885280346048266241
885272650871783425
885272641002774529
885269679442460674
885269676925882370
885268711913005056
885268664399745024
885265126940491776
885264119854768129
885263967538606080
885259970379366401
885259297613111297
885258889066815488
885257819561148416
885256926702968833
885256828736679937
885255882283532288
885254693558956032
885251523227262977
885251161846153218
885245895930937345
885236673805774848
